# Created by Octave 3.6.4, Wed Jan 01 18:23:48 2014 Mitteleuropäische Zeit <unknown@decatur-mobile>
# name: M
# type: scalar
100


